Dataset: Sales_table
Počet řádků: 773
Počet sloupců: 23

Počet null hodnot:
Maker          0
Genmodel       0
Genmodel_ID    0
2020           0
2019           0
2018           0
2017           0
2016           0
2015           0
2014           0
2013           0
2012           0
2011           0
2010           0
2009           0
2008           0
2007           0
2006           0
2005           0
2004           0
2003           0
2002           0
2001           0

Počet unikátních hodnot:
Maker           73
Genmodel       772
Genmodel_ID    734
2020           321
2019           355
2018           359
2017           357
2016           354
2015           337
2014           337
2013           325
2012           316
2011           301
2010           303
2009           314
2008           302
2007           302
2006           295
2005           278
2004           261
2003           249
2002           220
2001           213